    3875,
    2481,
    2070,
    1688,
    1625,
    1608,
    1513,
    1389,
    1088,
    1021,
    972,
    954,
    940,
    909,
    896,
    894,
    834,
    804,
    794,
    790,
    784,
    783,
    771,
    766,
    765,
    762,
    761,
    755,
    750,
    743,
    736,
    728,
    725,
    721,
    713,
    707,
    701,
    687,
    652,
    649,
    647,
    628,
    614,
    613,
    566,
    534,
    503,
    497,
    496,
    491,
    486,
    470,
    462,
    454,
    454,
    437,
    437,
    437,
    437,
    437,
    418,
    400,
    394,
    380,
    370,
    359,
    353,
    338,
    338,
    338,
    336,
    315,
    304,
    302,
    301,
    299,
    299,
    298,
    297,
    291,
    290,
    275,
    274,
    273,
    269,
    267,
    267,
    264,
    259,
    256,
    255,
    248,
    241,
    241,
    233,
    231,
    230,
    229,
    229,
    226,
    223,
    223,
    219,
    219,
    218,
    216,
    216,
    216,
    214,
    214,
    214,
    214,
    214,
    214,
    214,
    213,
    211,
    207,
    202,
    199,
    199,
    199,
    198,
    196,
    196,
    195,
    195,
    195,
    194,
    194,
    193,
    190,
    190,
    190,
    188,
    188,
    187,
    186,
    185,
    184,
    184,
    182,
    182,
    182,
    181,
    181,
    181,
    178,
    176,
    171,
    168,
    168,
    168,
    167,
    167,
    166,
    163,
    162,
    161,
    160,
    156,
    155,
    153,
    152,
    152,
    150,
    148,
    147,
    147,
    146,
    145,
    144,
    144,
    144,
    144,
    143,
    143,
    142,
    142,
    140,
    139,
    138,
    138,
    137,
    135,
    135,
    134,
    133,
    133,
    133,
    131,
    131,
    130,
    130,
    129,
    129,
    128,
    128,
    127,
    127,
    126,
    126,
    125,
    125,
    125,
    124,
    123,
    121,
    121,
    120,
    120,
    119,
    116,
    115,
    115,
    114,
    114,
    114,
    113,
    113,
    113,
    112,
    112,
    112,
    112,
    112,
    112,
    111,
    111,
    111,
    111,
    111,
    111,
    108,
    108,
    108,
    108,
    108,
    107,
    107,
    105,
    105,
    105,
    105,
    104,
    104,
    102,
    102,
    101,
    100,
    100,
    99,
    99,
    99,
    99,
    99,
    99,
    98,
    98,
    97,
    96,
    96,
    96,
    96,
    95,
    94,
    94,
    94,
    93,
    93,
    92,
    92,
    91,
    91,
    91,
    91,
    90,
    90,
    90,
    90,
    89,
    89,
    89,
    89,
    88,
    88,
    87,
    87,
    87,
    86,
    86,
    86,
    85,
    85,
    85,
    85,
    85,
    84,
    84,
    82,
    82,
    82,
    82,
    82,
    82,
    82,
    81,
    81,
    81,
    81,
    80,
    80,
    79,
    79,
    79,
    79,
    79,
    78,
    78,
    77,
    77,
    77,
    75,
    75,
    75,
    74,
    74,
    74,
    73,
    73,
    73,
    73,
    72,
    71,
    71,
    70,
    70,
    70,
    69,
    69,
    69,
    69,
    69,
    69,
    69,
    69,
    68,
    68,
    68,
    67,
    67,
    67,
    67,
    67,
    67,
    67,
    67,
    67,
    66,
    66,
    66,
    65,
    65,
    65,
    65,
    65,
    64,
    64,
    64,
    64,
    63,
    63,
    63,
    63,
    62,
    62,
    61,
    61,
    61,
    60,
    60,
    60,
    59,
    59,
    59,
    59,
    59,
    59,
    58,
    58,
    58,
    57,
    57,
    57,
    57,
    57,
    57,
    56,
    56,
    56,
    56,
    56,
    56,
    56,
    56,
    55,
    55,
    55,
    55,
    54,
    54,
    54,
    54,
    53,
    53,
    52,
    52,
    51,
    51,
    51,
    51,
    50,
    50,
    50,
    50,
    50,
    49,
    49,
    49,
    49,
    49,
    48,
    48,
    48,
    48,
    47,
    47,
    47,
    47,
    47,
    46,
    46,
    46,
    46,
    46,
    46,
    45,
    45,
    45,
    45,
    44,
    44,
    44,
    44,
    44,
    44,
    44,
    44,
    44,
    43,
    43,
    43,
    43,
    43,
    43,
    43,
    43,
    42,
    42,
    42,
    42,
    42,
    42,
    41,
    41,
    41,
    41,
    41,
    41,
    40,
    40,
    40,
    39,
    39,
    39,
    39,
    39,
    38,
    38,
    38,
    38,
    38,
    37,
    37,
    37,
    37,
    37,
    37,
    37,
    37,
    36,
    36,
    36,
    36,
    36,
    36,
    35,
    34,
    34,
    34,
    34,
    34,
    33,
    33,
    33,
    33,
    33,
    33,
    32,
    32,
    32,
    32,
    32,
    32,
    31,
    31,
    31,
    31,
    31,
    31,
    30,
    30,
    30,
    30,
    30,
    29,
    29,
    29,
    29,
    29,
    29,
    28,
    28,
    28,
    28,
    28,
    28,
    28,
    28,
    28,
    28,
    28,
    27,
    27,
    27,
    27,
    27,
    26,
    26,
    26,
    26,
    26,
    26,
    26,
    25,
    25,
    25,
    25,
    25,
    25,
    25,
    24,
    24,
    24,
    24,
    24,
    24,
    24,
    24,
    24,
    23,
    23,
    23,
    23,
    23,
    23,
    23,
    23,
    23,
    23,
    23,
    23,
    23,
    23,
    23,
    23,
    23,
    23,
    23,
    23,
    22,
    22,
    22,
    22,
    22,
    22,
    22,
    22,
    22,
    22,
    22,
    22,
    22,
    22,
    22,
    22,
    21,
    21,
    21,
    21,
    21,
    21,
    21,
    20,
    20,
    20,
    20,
    20,
    20,
    20,
    20,
    20,
    20,
    19,
    19,
    19,
    19,
    19,
    19,
    19,
    19,
    19,
    19,
    18,
    18,
    18,
    18,
    18,
    18,
    18,
    18,
    18,
    18,
    18,
    18,
    18,
    18,
    18,
    17,
    17,
    17,
    17,
    17,
    17,
    17,
    17,
    17,
    17,
    17,
    17,
    17,
    17,
    17,
    17,
    17,
    17,
    17,
    16,
    16,
    16,
    16,
    16,
    16,
    16,
    16,
    16,
    16,
    16,
    16,
    16,
    16,
    16,
    16,
    16,
    16,
    16,
    15,
    15,
    15,
    15,
    15,
    15,
    15,
    15,
    15,
    15,
    15,
    15,
    15,
    15,
    15,
    15,
    14,
    14,
    14,
    14,
    14,
    14,
    14,
    14,
    14,
    14,
    14,
    14,
    14,
    14,
    13,
    13,
    13,
    13,
    13,
    13,
    13,
    13,
    13,
    13,
    13,
    12,
    12,
    12,
    12,
    12,
    12,
    12,
    11,
    11,
    11,
    11,
    11,
    11,
    11,
    11,
    11,
    11,
    11,
    11,
    11,
    11,
    11,
    11,
    11,
    11,
    11,
    11,
    11,
    11,
    11,
    11,
    10,
    10,
    10,
    10,
    10,
    10,
    10,
    9,
    9,
    9,
    9,
    9,
    9,
    9,
    9,
    9,
    9,
    9,
    9,
    9,
    9,
    9,
    9,
    9,
    9,
    9,
    9,
    9,
    9,
    9,
    9,
    9,
    8,
    8,
    8,
    8,
    8,
    8,
    8,
    8,
    8,
    8,
    8,
    8,
    8,
    8,
    8,
    8,
    8,
    8,
    8,
    8,
    8,
    8,
    8,
    7,
    7,
    7,
    7,
    7,
    7,
    7,
    7,
    7,
    7,
    7,
    7,
    7,
    7,
    7,
    7,
    7,
    6,
    6,
    6,
    6,
    6,
    6,
    6,
    6,
    6,
    6,
    6,
    6,
    6,
    6,
    6,
    6,
    6,
    6,
    6,
    6,
    6,
    6,
    6,
    6,
    6,
    6,
    6,
    6,
    5,
    5,
    5,
    5,
    5,
    5,
    5,
    5,
    5,
    5,
    5,
    5,
    5,
    5,
    5,
    5,
    5,
    5,
    5,
    5,
    5,
    5,
    5,
    5,
    5,
    5,
    5,
    4,
    4,
    4,
    4,
    4,
    4,
    4,
    4,
    4,
    4,
    4,
    4,
    4,
    4,
    4,
    4,
    4,
    4,
    4,
    4,
    4,
    4,
    4,
    4,
    4,
    4,
    4,
    3,
    3,
    3,
    3,
    3,
    3,
    3,
    3,
    3,
    3,
    3,
    3,
    3,
    3,
    3,
    3,
    3,
    3,
    3,
    3,
    3,
    2,
    2,
    2,
    2,
    2,
    2,
    2,
    2,
    2,
    2,
    2,
    2,
    2,
    2,
    2,
    2,
    2,
    2,
    2,
    2
]
